%YAML 1.0
---
T_BS:
  cols: 4
  data: [1.0, 0.0, 0.0, 0.21475, 0.0, -0.9999999999964795, -2.6535897933527304e-06,
    0.047546050846242055, 0.0, 2.6535897933527304e-06, -0.9999999999964795, 0.20324974778676957,
    0.0, 0.0, 0.0, 1.0]
  rows: 4
camera_id: right_cam
camera_model: pinhole
distortion_coefficients: [0.0, 0.0, 0.0, 0.0, 0.0]
distortion_model: plumb_bob
intrinsics: [388.96160888671875, 388.96160888671875, 324.7631530761719, 242.99649047851562]
rate_hz: 0.0
resolution: [640, 480]
